861.068420
253.044479
762.362915
673.856079
469.073761
874.956421
583.278748
649.332458
908.363831
196.336472
266.343689
429.631287
205.392883
228.318726
935.828430
578.768433
801.207336
347.756561
895.680359
273.736664
495.127655
552.262634
205.175262
876.082397
257.158356
894.359802
346.254669
901.638733
191.850357
640.607361
438.637909
52.918781
893.651855
201.000793
726.774841
362.725616
75.957237
310.053680
12.058065
984.321045
506.390167
278.401733
413.952362
711.783081
506.720490
349.780762
290.551483
307.927856
697.537354
186.231888
581.664490
192.664993
738.494507
786.839783
68.747391
995.652893
681.199585
415.002075
897.291687
873.049988
55.609459
335.929535
925.968750
949.261292
536.930298
652.743652
311.986938
612.887573
962.797302
324.045013
597.208618
469.187439
602.446716
11.160939
180.970490
109.167191
360.941711
471.521973
417.095032
58.479046
657.753845
998.759521
251.144058
396.248352
785.599304
319.891418
391.901245
466.798889
734.893494
289.192871
339.848877
790.502991
625.122437
265.817627
739.764282
162.052750
918.561279
51.751202
774.940308
881.358582
